%YAML:1.0

cam0:
  T_cam_imu:
    - [0.999961542252956, 0.002534526082259439, 0.008395843771141274, 0.006803318934804728]
    - [-0.0026092237074826874, 0.9999570078207454, 0.00889800324946062, -0.004467427018875599]
    - [-0.00837293059420508, -0.008919567686914431, 0.9999251648726241, -0.01719444830581789]
    - [0.0, 0.0, 0.0, 1.0]
  cam_overlaps: [1]
  camera_model: pinhole
  distortion_coeffs: [0.009601026863653375, -0.008652319813944997, 0.00021789062369037437, 0.0010243047969129846]
  distortion_model: radtan
  intrinsics: [391.42008132588956, 391.30501487709927, 324.20209277332367, 233.01222229276513]
  resolution: [640, 480]
  # rostopic: /uav2/rgbd/infra1/image_raw
  timeshift_cam_imu: 0.00019592780962594835
cam1:
  T_cam_imu:
    - [0.9999390726190821, 0.002422287775320121, 0.010769566919041067, -0.04318647869108617]
    - [-0.0025191042024838043, 0.9999564577779647, 0.008985358210033741, -0.004484254341932531]
    - [-0.010747332864818018, -0.00901194041697608, 0.9999016350452747, -0.017473882959374288]
    - [0.0, 0.0, 0.0, 1.0]
  T_cn_cnm1:
    - [0.9999971761680474, -9.105345698517191e-05, 0.0023747347638863763, -0.04994935293499773]
    - [9.084806370958739e-05, 0.9999999921236414, 8.65987651367925e-05, -1.5956408605521645e-05]
    - [-0.0023747426302990504, -8.638278054130954e-05, 0.9999971765637414, -0.000263712978250943]
    - [0.0, 0.0, 0.0, 1.0]
  cam_overlaps: [0]
  camera_model: pinhole
  distortion_coeffs: [0.008531185323569283, -0.0054738550523219425, 0.0003607186085808499, 0.0007223323248304115]
  distortion_model: radtan
  intrinsics: [391.37512203368186, 391.10248055304174, 323.2855114437757, 233.118948195595]
  resolution: [640, 480]
  # rostopic: /uav2/rgbd/infra2/image_raw
  timeshift_cam_imu: 0.00018338288010405715
