%YAML:1.0

cam0:
  T_cam_imu:
    - [0.9999756261741414, -0.0011201836521678784, 0.006891461834717109, 0.004228612762398654]
    - [0.0011274166941758854, 0.9999988176472043, -0.0010457704294028728, -0.006150284351833418]
    - [-0.006890282231639005, 0.0010535144890962745, 0.9999757067639142, -0.014378174048124985]
    - [0.0, 0.0, 0.0, 1.0]
  cam_overlaps: [1]
  camera_model: pinhole
  distortion_coeffs: [0.0038107914253564705, -0.0035602147484512813, -0.0005155480089887023, 0.0010493255245447525]
  distortion_model: radtan
  intrinsics: [392.06162155768885, 391.79224464218635, 326.0684896541689, 237.56952181189092]
  resolution: [640, 480]
  # rostopic: /uav2/rgbd/infra1/image_raw
  timeshift_cam_imu: -0.0002784628865596187
cam1:
  T_cam_imu:
    - [0.9999714158384322, -0.0011065162141807945, 0.007479513884565844, -0.0458181004796505]
    - [0.001111820363600638, 0.9999991333893578, -0.0007050361784266088, -0.006166052393985745]
    - [-0.007478727268776499, 0.0007133319014052675, 0.9999717794998207, -0.014665344350884174]
    - [0.0, 0.0, 0.0, 1.0]
  T_cn_cnm1:
    - [0.9999998269951267, 1.3047707579902284e-05, 0.0005880811734067304, -0.05003817672990113]
    - [-1.3248147035816402e-05, 0.9999999418284087, 0.00034083376919703584, -1.0811811385504216e-05]
    - [-0.0005880766920977611, -0.0003408415012169883, 0.9999997689964072, -0.0002867831477149154]
    - [0.0, 0.0, 0.0, 1.0]
  cam_overlaps: [0]
  camera_model: pinhole
  distortion_coeffs: [0.010029945258776117, -0.009760790422336995, -0.00033406533069064835, 0.000942903011127327]
  distortion_model: radtan
  intrinsics: [391.58934539362446, 391.13633293133273, 325.6307403585609, 238.17286624083007]
  resolution: [640, 480]
  # rostopic: /uav2/rgbd/infra2/image_raw
  timeshift_cam_imu: -0.00028647814991663103
