%YAML:1.0

cam0:
  T_cam_imu:
    - [0.9999757332663181, 0.0003092738004341319, 0.006959685927193905, 0.006597353560197787]
    - [-0.0003516303627199005, 0.9999814208198198, 0.006085587174785355, -0.006649327944624788]
    - [-0.006957674509261649, -0.006087886734349085, 0.9999572632870528, -0.01515754920617426]
    - [0.0, 0.0, 0.0, 1.0]
  cam_overlaps: [1]
  camera_model: pinhole
  distortion_coeffs: [-7.239130911336475e-05, 0.0019669755064100646, -0.0005738981432295992, 0.0016282235202434694]
  distortion_model: radtan
  intrinsics: [384.32985108542755, 383.9409530365889, 326.4828717163543, 240.00639236231737]
  resolution: [640, 480]
  # rostopic: /uav4/rgbd/infra1/image_raw
  timeshift_cam_imu: 0.0008462843102171434

cam1:
  T_cam_imu:
    - [0.9999778930915278, 0.00039201568119035695, 0.006637744491546762, -0.04335596693625162]
    - [-0.00043320055641835715, 0.9999806590110788, 0.006204348559415474, -0.006641370224435471]
    - [-0.006635183909077227, -0.006207086875056842, 0.9999587223515871, -0.015688223171030878]
    - [0.0, 0.0, 0.0, 1.0]
  T_cn_cnm1:
    - [0.999999944751415, 8.078038134798591e-05, -0.00032244642748746084, -0.049957670494298875]
    - [-8.074190792646995e-05, 0.9999999896207291, 0.00011932848582165232, 1.029906148339222e-05]
    - [0.0003224560635412921, -0.00011930244428916282, 0.9999999408945061, -0.0005335954984865497]
    - [0.0, 0.0, 0.0, 1.0]
  cam_overlaps: [0]
  camera_model: pinhole
  distortion_coeffs: [0.002471812448472034, -0.005786922300161604, -0.0003633340845647333, 0.0017248362573380137]
  distortion_model: radtan
  intrinsics: [384.1607081735719, 383.42430189213127, 326.34142331060883, 240.08394562347416]
  resolution: [640, 480]
  # rostopic: /uav4/rgbd/infra2/image_raw
  timeshift_cam_imu: 0.0008465434836530953
